#Name     RA            DEC     g    t   time_ep n_ep  tot_time   m_y  m_m   m_d      RAd           DECd                       
022817 02:28:17.169 -08:27:16.410 19.8 300 1509 18 7.55       2016    11    01     37.0715374999999   -8.45455833333333  
024854 02:48:54.960 33:45:48.300  18.3 228  942 18 4.71       2016    11    15	   42.229	      33.7634166666667   
041053 04:10:53.634 -06:30:27.749 18.9 300 1158 18 5.79       2016    11    10	   62.723475	      -6.50770805555556  
  0554 05:57:01.300 -16:35:12.000 18   156  726 18 3.63       2016    12    01	   89.2554166666666   -16.5866666666667  
072752 07:27:52.760 32:14:16.100  17.9 138  672 18 3.36       2017    01    01	   111.969833333333   32.2378055555556   
081508 08:15:08.779 07:31:45.804  19.6 300 1509 18 7.55       2017    01    10	   123.786579166667   7.52939            
102430 10:24:30.932 -00:32:07.030 18.8 300 1158 18 5.79       2017    02    10	   156.128883333333   -0.535286111111111 
111059 11:10:59.430 -17:09:54.100 17.8 122  624 18 3.12       2017    03    10	   167.747625	      -17.1650277777778  
111127 11:11:27.300 39:56:28.000  18.4 261 1041 18 5.20       2017    03    10	   167.86375	      39.9411111111111   
120650 12:06:50.408 02:01:42.460  18.6 300 1158 14 4.50       2017    03    15	   181.710033333333   2.02846111111111   
121405 12:14:05.110 45:38:18.500  17.7 108  582 14 2.26       2017    03    15	   183.521291666667   45.6384722222222   
130234 13:02:34.441 10:12:39.010  17.0  50  408 14 1.59       2017    03    15	   195.643504166667   10.2108361111111   
131445 13:14:45.050 -03:14:15.641 19.0 300 1158 14 4.50       2017    03    20	   198.687708333333   -3.23767805555556  
